Tue Aug 20 14:38:41 CEST 2024

Attaching package: ‘dplyr’

The following objects are masked from ‘package:stats’:

    filter, lag

The following objects are masked from ‘package:base’:

    intersect, setdiff, setequal, union

[1] 64
             [,1]         [,2]         [,3]         [,4]      [,5]         [,6]
[1,] 0.9999515968 9.999536e-01 9.999584e-01 9.999574e-01 0.9999535 9.999572e-01
[2,] 0.9998536514 9.998518e-01 9.998635e-01 9.998538e-01 0.9998526 9.998528e-01
[3,] 0.9997600799 9.997574e-01 9.997454e-01 9.997574e-01 0.9997629 9.997588e-01
[4,] 0.9999325221 5.786865e-02 8.381618e-05 8.981428e-08 0.9996459 8.723210e-08
[5,] 0.9997995184 4.467089e-06 9.003344e-09 3.863606e-01 0.9997242 9.158560e-10
[6,] 0.0003380513 9.691637e-07 9.519683e-01 9.995480e-01 0.3817178 8.761602e-01
             [,7]         [,8]         [,9]        [,10]        [,11]
[1,] 9.999571e-01 9.999549e-01 9.999565e-01 9.999598e-01 9.999587e-01
[2,] 9.970935e-01 9.998389e-01 9.998510e-01 9.998638e-01 9.998493e-01
[3,] 9.997405e-01 9.997291e-01 9.997592e-01 9.997521e-01 9.997660e-01
[4,] 9.999520e-01 9.368703e-08 9.998287e-01 9.999414e-01 1.079260e-07
[5,] 6.398692e-03 5.625835e-09 2.408136e-08 1.059985e-06 1.175490e-01
[6,] 9.557404e-08 9.997538e-01 1.665145e-07 9.961439e-01 9.781811e-01
            [,12]        [,13]        [,14]        [,15]        [,16]
[1,] 9.999574e-01 3.984094e-09 9.999531e-01 1.570760e-10 9.999576e-01
[2,] 9.998539e-01 9.998565e-01 9.998553e-01 9.998523e-01 9.998518e-01
[3,] 9.997526e-01 9.997543e-01 9.997433e-01 9.997409e-01 9.997493e-01
[4,] 9.285183e-01 3.472973e-01 8.767967e-07 9.999482e-01 9.999336e-01
[5,] 3.171850e-07 9.997149e-01 7.951154e-06 6.635540e-06 3.490360e-08
[6,] 5.713336e-08 1.561849e-08 2.867198e-01 9.997072e-01 4.965667e-03
            [,17]        [,18]        [,19]        [,20]     [,21]        [,22]
[1,] 9.999580e-01 9.999546e-01 9.999519e-01 9.999512e-01 0.9999592 9.999559e-01
[2,] 9.998539e-01 9.998588e-01 9.998617e-01 9.998530e-01 0.9998482 9.998521e-01
[3,] 9.997767e-01 9.997544e-01 9.997666e-01 9.997401e-01 0.9997479 9.997736e-01
[4,] 9.991517e-01 8.209138e-04 9.997671e-01 1.075491e-06 0.9997106 1.041851e-08
[5,] 9.998381e-01 4.666131e-09 5.577845e-11 9.034149e-01 0.9998416 9.347869e-01
[6,] 4.852244e-05 6.289072e-07 9.997292e-01 5.602475e-07 0.9997471 9.997289e-01
         [,23]     [,24]      [,25]        [,26]        [,27]        [,28]
[1,] 0.9999473 0.9999533 0.99995540 9.999571e-01 9.999525e-01 9.999562e-01
[2,] 0.9998643 0.9998421 0.99985910 9.998521e-01 9.998529e-01 9.998559e-01
[3,] 0.9997597 0.9997451 0.99975069 9.997690e-01 9.997979e-01 9.997626e-01
[4,] 0.9998083 0.9945018 0.97304729 9.710883e-01 7.818318e-05 9.993312e-01
[5,] 0.3632368 0.9998534 0.99986045 9.996808e-01 3.346844e-01 9.998133e-01
[6,] 0.9997126 0.9368875 0.01872618 5.922443e-07 9.997638e-01 5.475563e-09
            [,29]        [,30]     [,31]        [,32]        [,33]        [,34]
[1,] 9.999544e-01 9.999553e-01 0.9999544 9.999542e-01 9.999540e-01 9.999552e-01
[2,] 9.998569e-01 9.998543e-01 0.9998553 9.998523e-01 9.998493e-01 9.998468e-01
[3,] 9.997560e-01 9.997752e-01 0.9997549 9.997460e-01 9.967516e-01 9.997586e-01
[4,] 9.646241e-01 6.845972e-01 0.7533246 9.999554e-01 9.999021e-01 4.692101e-08
[5,] 5.024584e-07 4.730664e-08 0.9998543 8.785568e-04 3.808854e-08 9.936794e-11
[6,] 9.992179e-01 6.487421e-11 0.2045526 1.712450e-07 9.997383e-01 2.766404e-07
            [,35]        [,36]        [,37]        [,38]     [,39]        [,40]
[1,] 9.999540e-01 9.999566e-01 9.999545e-01 9.999568e-01 0.9999503 9.999592e-01
[2,] 9.998527e-01 9.998537e-01 7.041087e-03 9.998553e-01 0.9998549 9.998746e-01
[3,] 9.997490e-01 2.008395e-01 9.997597e-01 9.997685e-01 0.9997595 9.997644e-01
[4,] 2.989745e-01 9.999078e-01 8.578004e-08 4.395209e-09 0.2184056 3.855765e-07
[5,] 3.046627e-08 9.998783e-01 2.648254e-08 9.990892e-01 0.9998336 2.090251e-01
[6,] 9.995165e-01 8.972316e-07 1.083901e-01 9.997790e-01 0.9928668 2.932220e-07
            [,41]        [,42]        [,43]        [,44]        [,45]
[1,] 9.999585e-01 9.999542e-01 9.999568e-01 9.999522e-01 9.999562e-01
[2,] 9.998069e-01 9.998471e-01 9.998542e-01 9.998700e-01 9.998553e-01
[3,] 9.997587e-01 9.997715e-01 9.997560e-01 9.997582e-01 9.997780e-01
[4,] 1.504244e-07 4.036425e-02 1.953679e-01 9.544963e-01 1.196058e-08
[5,] 9.876755e-01 8.386596e-07 2.315112e-04 2.880731e-08 9.991315e-01
[6,] 4.347458e-09 5.772239e-08 1.879338e-08 4.681598e-02 9.525807e-08
            [,46]        [,47]        [,48]        [,49]        [,50]
[1,] 9.999557e-01 9.999653e-01 9.999558e-01 0.9999515629 9.999576e-01
[2,] 9.998652e-01 9.998531e-01 9.998509e-01 0.9998369175 9.998683e-01
[3,] 9.997877e-01 9.996154e-01 9.997595e-01 0.0000575481 9.997570e-01
[4,] 3.710729e-06 3.067760e-08 9.992206e-01 0.1573917396 1.215721e-08
[5,] 3.033574e-06 6.449230e-07 9.998148e-01 0.9998263446 9.534725e-08
[6,] 4.712385e-07 2.621223e-08 3.035913e-07 0.9997232993 9.997477e-01
            [,51]        [,52]        [,53]        [,54]        [,55]
[1,] 9.999588e-01 9.999504e-01 9.999569e-01 3.984094e-09 9.999564e-01
[2,] 9.998554e-01 9.998385e-01 9.998622e-01 9.998487e-01 9.998534e-01
[3,] 9.997616e-01 9.997689e-01 9.997576e-01 9.997578e-01 9.997584e-01
[4,] 9.991782e-01 9.999470e-01 9.994791e-01 2.767087e-04 1.673728e-08
[5,] 1.476306e-08 9.998573e-01 4.852141e-07 9.998628e-01 9.986304e-01
[6,] 8.405871e-07 4.505099e-07 9.997688e-01 9.997121e-01 1.092477e-08
            [,56]        [,57]        [,58]        [,59]        [,60]
[1,] 9.999546e-01 9.999629e-01 9.999517e-01 9.999542e-01 9.999577e-01
[2,] 9.998539e-01 9.998235e-01 9.998457e-01 9.998568e-01 9.998549e-01
[3,] 9.997590e-01 9.997589e-01 9.997720e-01 9.997422e-01 9.872645e-01
[4,] 3.478141e-01 9.999217e-01 1.198254e-01 1.088970e-02 9.996120e-01
[5,] 9.973538e-01 9.998434e-01 1.698968e-08 1.054464e-06 1.723694e-07
[6,] 9.561687e-08 1.364064e-06 9.991064e-01 4.303837e-07 4.503989e-07
            [,61]        [,62]       [,63]        [,64]        [,65]     [,66]
[1,] 9.999556e-01 9.999550e-01 0.999960515 9.999642e-01 9.999574e-01 0.9999563
[2,] 9.998453e-01 9.998511e-01 0.999857633 9.998585e-01 9.998498e-01 0.9998482
[3,] 9.997528e-01 9.997630e-01 0.999761563 9.997573e-01 9.997668e-01 0.9997576
[4,] 4.792024e-01 9.999219e-01 0.999619758 5.895765e-08 6.993454e-05 0.9999039
[5,] 1.802912e-03 9.998322e-01 0.006657625 2.465096e-01 1.105386e-06 0.9998055
[6,] 2.145419e-07 2.904638e-06 0.999740328 9.997280e-01 9.993428e-01 0.9921046
            [,67]        [,68]        [,69]        [,70]        [,71]
[1,] 9.999555e-01 9.999469e-01 9.999533e-01 9.999557e-01 9.999533e-01
[2,] 9.998510e-01 9.998474e-01 9.998490e-01 9.998494e-01 2.338685e-01
[3,] 9.997603e-01 9.997625e-01 9.997703e-01 9.997509e-01 9.997752e-01
[4,] 9.999602e-01 5.113902e-05 2.066483e-01 5.273798e-09 1.866866e-01
[5,] 1.812792e-03 1.060533e-07 2.484091e-07 1.843648e-07 4.025810e-09
[6,] 5.661043e-07 2.859755e-09 2.169381e-06 9.987445e-01 7.241231e-02
            [,72]        [,73]       [,74]        [,75]        [,76]     [,77]
[1,] 9.999570e-01 9.999549e-01 0.999955965 9.999527e-01 0.9999572590 0.9999542
[2,] 9.998605e-01 9.998586e-01 0.999849441 9.998463e-01 0.9998531134 0.9998515
[3,] 9.997741e-01 9.997769e-01 0.999755993 9.997512e-01 0.9997593235 0.9997696
[4,] 8.750172e-07 9.994217e-01 0.056225224 8.850274e-01 0.9999143722 0.9998734
[5,] 9.998017e-01 9.998531e-01 0.007250391 4.852808e-05 0.9953275282 0.9998102
[6,] 2.522871e-02 6.748246e-09 0.999703186 9.435169e-01 0.0007154455 0.8839123
           [,78]     [,79]        [,80]        [,81]       [,82]     [,83]
[1,] 0.999958694 0.9999552 9.999569e-01 9.999543e-01 0.999956372 0.9999564
[2,] 0.999851735 0.9998521 9.998538e-01 9.998523e-01 0.999858765 0.9998516
[3,] 0.999757453 0.9997485 9.997601e-01 9.997609e-01 0.999769651 0.9997626
[4,] 0.001543581 0.9999488 9.999140e-01 9.997324e-01 0.995677528 0.8373465
[5,] 0.901596555 0.5468951 1.629187e-06 2.925416e-08 0.377289800 0.1559568
[6,] 0.999751792 0.9944643 1.289639e-06 5.520545e-09 0.002348076 0.6259441
            [,84]        [,85]        [,86]        [,87]        [,88]
[1,] 9.999577e-01 9.999638e-01 9.999547e-01 9.999546e-01 9.999530e-01
[2,] 9.998607e-01 9.998527e-01 9.998358e-01 9.998332e-01 9.998526e-01
[3,] 9.997661e-01 9.997602e-01 9.997619e-01 9.997625e-01 9.997671e-01
[4,] 9.999158e-01 1.647339e-09 9.909624e-01 8.725823e-06 9.999049e-01
[5,] 2.520864e-05 1.558756e-04 2.433842e-06 2.851446e-09 4.697527e-08
[6,] 9.997406e-01 1.192399e-07 2.753652e-07 9.967865e-01 2.434278e-02
            [,89]       [,90]     [,91]        [,92]        [,93]        [,94]
[1,] 9.999486e-01 0.999953831 0.9999591 9.999570e-01 9.999552e-01 9.999558e-01
[2,] 9.995724e-01 0.999855389 0.9998545 9.998524e-01 9.998581e-01 9.998529e-01
[3,] 9.997416e-01 0.999756171 0.9997621 9.997638e-01 9.997614e-01 9.997647e-01
[4,] 9.217420e-10 0.003179857 0.9999566 4.555619e-05 2.903120e-09 3.517798e-08
[5,] 9.998388e-01 0.049052217 0.9998465 4.271940e-04 1.377584e-07 9.990959e-01
[6,] 7.709516e-08 0.999561063 0.9997399 5.532030e-08 9.381501e-09 9.997491e-01
            [,95]      [,96]        [,97]        [,98]        [,99]
[1,] 7.903382e-10 0.99996047 9.999566e-01 1.407354e-09 9.999520e-01
[2,] 9.998462e-01 0.99984529 9.998546e-01 9.998538e-01 9.998485e-01
[3,] 9.997603e-01 0.99976305 9.997642e-01 9.997605e-01 9.997768e-01
[4,] 9.954303e-01 0.14501826 2.837141e-08 9.952092e-01 9.999478e-01
[5,] 1.216300e-02 0.06132481 4.379610e-01 9.998430e-01 1.464405e-07
[6,] 1.342398e-07 0.42784451 3.233382e-05 1.871973e-08 5.395593e-02
           [,100]
[1,] 9.999561e-01
[2,] 9.998544e-01
[3,] 9.997632e-01
[4,] 4.336450e-08
[5,] 1.565084e-06
[6,] 1.017113e-01
[1] 95 98 98 44 32 34
[1] 0.9499579 0.9822340 0.9816174 0.5079001 0.3803536 0.3991962
Tue Aug 20 17:01:39 CEST 2024
