Tue Aug 20 14:38:38 CEST 2024

Attaching package: ‘dplyr’

The following objects are masked from ‘package:stats’:

    filter, lag

The following objects are masked from ‘package:base’:

    intersect, setdiff, setequal, union

[1] 64
          [,1]      [,2]      [,3]      [,4]      [,5]      [,6]      [,7]
[1,] 0.9981111 0.9980623 0.9980293 0.9980622 0.9980758 0.9980811 0.9980421
[2,] 0.9939898 0.9939768 0.9939834 0.9939352 0.9939911 0.9939711 0.9939712
[3,] 0.9904039 0.9904082 0.9903589 0.9903864 0.9903652 0.9904290 0.9903688
[4,] 0.9835671 0.9950208 0.9845828 0.9940802 0.9941967 0.9941443 0.9930753
[5,] 0.9846776 0.9850611 0.9855819 0.9849430 0.9848832 0.9854471 0.9843686
[6,] 0.9783476 0.9767503 0.9780096 0.9785014 0.9784923 0.9790098 0.9782661
          [,8]      [,9]     [,10]     [,11]     [,12]     [,13]     [,14]
[1,] 0.9980430 0.9980793 0.9980987 0.9980748 0.9981067 0.9980771 0.9980836
[2,] 0.9939996 0.9939579 0.8641735 0.9939560 0.9938796 0.9939458 0.9939673
[3,] 0.9903930 0.9903835 0.9903907 0.9903211 0.9904820 0.9904412 0.9903860
[4,] 0.9942238 0.9941327 0.9945030 0.9941293 0.9938761 0.9938261 0.9938254
[5,] 0.9849379 0.9844945 0.9841873 0.9852392 0.9793600 0.9852562 0.9850651
[6,] 0.9783647 0.9779909 0.9790686 0.9783082 0.9782655 0.9783660 0.9783953
         [,15]     [,16]     [,17]     [,18]     [,19]     [,20]     [,21]
[1,] 0.9980571 0.9980860 0.9980694 0.9980724 0.9980716 0.9980648 0.9980681
[2,] 0.9940013 0.9939812 0.9939318 0.9939863 0.9939959 0.9939940 0.9939896
[3,] 0.9903819 0.9904664 0.9904060 0.9904197 0.9903857 0.9903914 0.9903212
[4,] 0.9849612 0.9943051 0.9941358 0.9945764 0.9942668 0.9941725 0.9940484
[5,] 0.9848785 0.9850844 0.9846758 0.9847092 0.9812019 0.9849735 0.9844986
[6,] 0.9786182 0.9785784 0.9779213 0.9782699 0.9784172 0.9784995 0.9779930
         [,22]     [,23]     [,24]     [,25]     [,26]     [,27]     [,28]
[1,] 0.9980598 0.9980732 0.9980687 0.9980802 0.9980755 0.9980806 0.9980868
[2,] 0.9939870 0.9939752 0.9939794 0.9939642 0.9938741 0.9939740 0.9939417
[3,] 0.9904045 0.9903591 0.9904081 0.9903912 0.9903842 0.9904392 0.9903213
[4,] 0.9938051 0.9940912 0.9940618 0.9942216 0.9936347 0.9939065 0.9937297
[5,] 0.9852432 0.9846444 0.9849163 0.9854706 0.9845718 0.9825158 0.9850254
[6,] 0.9779579 0.9779034 0.9785988 0.9780527 0.9781726 0.9783284 0.9787650
         [,29]     [,30]     [,31]     [,32]     [,33]     [,34]     [,35]
[1,] 0.9980729 0.9980416 0.9980801 0.9980559 0.9980595 0.9980731 0.9980783
[2,] 0.9939895 0.9939545 0.9939748 0.9940151 0.9939795 0.9939642 0.9939858
[3,] 0.9904029 0.9904219 0.9903771 0.9903573 0.9903678 0.9903830 0.9904436
[4,] 0.9937494 0.9942725 0.9935499 0.9939684 0.9939406 0.9938837 0.9942361
[5,] 0.9848494 0.9848882 0.9840709 0.9850237 0.9846980 0.9850284 0.9841660
[6,] 0.9788345 0.9771929 0.9788655 0.9782929 0.9780339 0.9784052 0.9785115
         [,36]     [,37]     [,38]     [,39]     [,40]     [,41]     [,42]
[1,] 0.9980731 0.9980673 0.9980780 0.9981108 0.9980813 0.9980538 0.9980987
[2,] 0.9939379 0.9939299 0.9940123 0.9940228 0.9939754 0.9939943 0.9940010
[3,] 0.9904298 0.9904701 0.9902942 0.9906333 0.9903814 0.9903882 0.9904303
[4,] 0.9939089 0.9933460 0.9940129 0.9940459 0.9940719 0.9942606 0.9942672
[5,] 0.9856414 0.9842684 0.9841157 0.9850710 0.9848464 0.9844206 0.9841987
[6,] 0.9780431 0.9750219 0.9782873 0.9778440 0.9776050 0.9789315 0.9780398
         [,43]     [,44]     [,45]     [,46]     [,47]     [,48]     [,49]
[1,] 0.9980559 0.9980758 0.9980603 0.9981003 0.9980731 0.9980686 0.9980659
[2,] 0.9939750 0.9939952 0.9939585 0.9939466 0.9939588 0.9938631 0.9940065
[3,] 0.9904777 0.9903843 0.9903729 0.9903636 0.9903489 0.9903743 0.9903197
[4,] 0.9942946 0.9945175 0.9940155 0.9939679 0.9942971 0.9939214 0.9941446
[5,] 0.9845849 0.9846800 0.9844969 0.9847328 0.9854309 0.9842302 0.9856580
[6,] 0.9784559 0.9783499 0.9784526 0.9784746 0.9785529 0.9784814 0.9790455
         [,50]     [,51]     [,52]     [,53]     [,54]     [,55]     [,56]
[1,] 0.9980252 0.9980808 0.9980660 0.9980793 0.9980630 0.9980634 0.9980765
[2,] 0.9940521 0.9939392 0.9939784 0.9939650 0.9939988 0.9939576 0.9940043
[3,] 0.9904061 0.9902534 0.9904785 0.9904473 0.9903812 0.9903955 0.9904187
[4,] 0.9921972 0.9938205 0.9941474 0.9932380 0.9943390 0.9898686 0.9939690
[5,] 0.9846448 0.9850085 0.9851585 0.9848326 0.9847415 0.9844388 0.9840013
[6,] 0.9782644 0.9788449 0.9781835 0.9787890 0.9783329 0.9782622 0.9778420
         [,57]     [,58]     [,59]     [,60]     [,61]     [,62]     [,63]
[1,] 0.9980756 0.9980718 0.9980568 0.9980694 0.9980818 0.9980725 0.9980688
[2,] 0.9939832 0.9939842 0.9939962 0.9939404 0.9939859 0.9939414 0.9939762
[3,] 0.9904459 0.9904230 0.9903867 0.9904086 0.9904921 0.9903980 0.9903838
[4,] 0.9915878 0.9942326 0.9936933 0.9937583 0.9943693 0.9937584 0.9945314
[5,] 0.9847242 0.9851458 0.9848844 0.9810821 0.9848045 0.9828129 0.9849648
[6,] 0.9777560 0.9783454 0.9776763 0.9769551 0.9782277 0.9783857 0.9781130
         [,64]     [,65]     [,66]     [,67]     [,68]     [,69]     [,70]
[1,] 0.9980679 0.9981063 0.9980629 0.9980596 0.9980637 0.9980460 0.9980657
[2,] 0.9939971 0.9939607 0.9939789 0.9939153 0.9939790 0.9939990 0.9939877
[3,] 0.9904007 0.9904051 0.9904094 0.9903626 0.9904158 0.9904001 0.9904085
[4,] 0.9935656 0.9939077 0.9938680 0.9943964 0.9942718 0.3522247 0.9934509
[5,] 0.9848221 0.9849554 0.9845827 0.9843385 0.9849220 0.9848154 0.9846394
[6,] 0.9786211 0.9786724 0.9783052 0.9782599 0.9784255 0.9785357 0.9786462
         [,71]     [,72]     [,73]     [,74]     [,75]     [,76]     [,77]
[1,] 0.9980698 0.9980768 0.9980492 0.9980780 0.9980673 0.9980924 0.9980716
[2,] 0.9939694 0.9939765 0.9939675 0.9939545 0.9939541 0.9939416 0.9939870
[3,] 0.9904008 0.9903967 0.9904230 0.9904019 0.9903604 0.9903975 0.9903976
[4,] 0.9941333 0.9943908 0.9942564 0.9936867 0.9938405 0.9940825 0.9906626
[5,] 0.9852833 0.9847555 0.9845294 0.9850323 0.9847286 0.9850555 0.9846863
[6,] 0.9787374 0.9767092 0.9782650 0.9773653 0.9788336 0.9785836 0.9783345
         [,78]     [,79]     [,80]     [,81]     [,82]     [,83]     [,84]
[1,] 0.9980843 0.9980620 0.9980610 0.9980694 0.9980791 0.9980686 0.9980729
[2,] 0.9939884 0.9939729 0.9939778 0.9939820 0.9939939 0.9939075 0.9939426
[3,] 0.9904406 0.9903494 0.9904074 0.9903666 0.9903930 0.9903829 0.9903926
[4,] 0.9936150 0.9941530 0.9939468 0.9941137 0.9942183 0.9941837 0.9932878
[5,] 0.9816017 0.9850491 0.9853737 0.9842631 0.9852403 0.9841279 0.9849191
[6,] 0.9770059 0.9794575 0.9760354 0.9785210 0.9784523 0.9772948 0.9785094
         [,85]     [,86]     [,87]     [,88]     [,89]     [,90]     [,91]
[1,] 0.9980709 0.9980733 0.9980901 0.9980681 0.9980759 0.9980499 0.9980636
[2,] 0.9940139 0.9939790 0.9940216 0.9934867 0.9939564 0.9939423 0.9939940
[3,] 0.9903806 0.9903649 0.9904744 0.9903608 0.9903913 0.9903803 0.9903158
[4,] 0.9941726 0.9943549 0.9938022 0.9939843 0.9939709 0.9944065 0.9944699
[5,] 0.9843272 0.9851878 0.9826046 0.9794936 0.9842740 0.9847210 0.9849505
[6,] 0.9782577 0.9790702 0.9785208 0.9754962 0.9767374 0.9779924 0.9787488
         [,92]     [,93]     [,94]     [,95]     [,96]     [,97]     [,98]
[1,] 0.9981010 0.9981018 0.9980721 0.9980724 0.9980719 0.9980771 0.9980665
[2,] 0.9939802 0.9940283 0.9940217 0.9939522 0.9939754 0.9939815 0.9939892
[3,] 0.9903085 0.9903947 0.9904383 0.9905529 0.9903971 0.9904056 0.9903554
[4,] 0.9939618 0.9933785 0.9935239 0.9941020 0.9937919 0.9942462 0.9946091
[5,] 0.9835764 0.9850256 0.9853208 0.9847869 0.9850075 0.9847937 0.9846242
[6,] 0.9779158 0.9782696 0.9783581 0.9782468 0.9784571 0.9786262 0.9783325
         [,99]    [,100]
[1,] 0.9980609 0.9980685
[2,] 0.9939656 0.9939727
[3,] 0.9904087 0.9903926
[4,] 0.9932371 0.9939554
[5,] 0.9846117 0.9848034
[6,] 0.9783704 0.9792084
[1] 100  99 100  99 100 100
[1] 0.9980717 0.9926701 0.9903977 0.9871951 0.9845209 0.9782009
Tue Aug 20 14:50:09 CEST 2024
