Tue Aug 20 14:38:46 CEST 2024

Attaching package: ‘dplyr’

The following objects are masked from ‘package:stats’:

    filter, lag

The following objects are masked from ‘package:base’:

    intersect, setdiff, setequal, union

[1] 64
          [,1]       [,2]        [,3]         [,4]        [,5]         [,6]
[1,] 0.9988797 0.99885388 0.998879910 0.9988647377 0.998861973 0.9988737867
[2,] 0.9953622 0.99535218 0.995358181 0.9953556504 0.995357106 0.9953297443
[3,] 0.9917896 0.99183350 0.991819116 0.9918343607 0.991842858 0.9918912357
[4,] 0.9975513 0.99731494 0.997804114 0.5054842366 0.001530928 0.0000163479
[5,] 0.9798936 0.91932112 0.236718307 0.0100774063 0.950262280 0.0002655432
[6,] 0.9854527 0.01498954 0.002199753 0.0009731522 0.001270261 0.4208881054
            [,7]         [,8]        [,9]      [,10]       [,11]     [,12]
[1,] 0.998876680 9.988758e-01 0.998884709 0.99883878 0.998859944 0.9988569
[2,] 0.995366591 9.953714e-01 0.995330678 0.99529102 0.995332464 0.9953403
[3,] 0.991825360 9.918559e-01 0.991784839 0.99178054 0.991802822 0.9919287
[4,] 0.005799765 1.245892e-02 0.997293754 0.00619167 0.006923058 0.9975084
[5,] 0.991090024 3.653288e-03 0.008997551 0.94088921 0.991481012 0.6956118
[6,] 0.917756924 3.954122e-05 0.985624884 0.98530791 0.701860603 0.9854062
           [,13]     [,14]        [,15]        [,16]        [,17]       [,18]
[1,] 0.998864485 0.9988733 0.9988586980 0.9988836469 0.9988806486 0.998862646
[2,] 0.995354993 0.9953816 0.9953726562 0.9953381195 0.9954091122 0.995342541
[3,] 0.991803762 0.9918778 0.9918363518 0.9918020685 0.9918459943 0.991791257
[4,] 0.003100994 0.9605109 0.9878518808 0.0005849472 0.0002474897 0.002456834
[5,] 0.277247803 0.9914709 0.9915448514 0.0003740861 0.9734320845 0.991394666
[6,] 0.746151017 0.9857098 0.0009041023 0.8796249887 0.9855010143 0.166477627
            [,19]       [,20]        [,21]       [,22]     [,23]        [,24]
[1,] 9.988615e-01 0.998877710 0.9988593905 0.998867313 0.9988882 9.988894e-01
[2,] 9.953294e-01 0.995341922 0.9953392096 0.995331702 0.9953951 9.953354e-01
[3,] 9.918517e-01 0.991772726 0.9917763816 0.991820193 0.9918304 9.918185e-01
[4,] 9.716422e-02 0.997791687 0.9973151686 0.775030878 0.9856089 9.976570e-01
[5,] 1.357734e-01 0.003368172 0.0001087144 0.001720493 0.9915002 7.917347e-05
[6,] 1.025134e-05 0.985613254 0.1603716648 0.516473342 0.9855717 9.854926e-01
           [,25]     [,26]     [,27]     [,28]       [,29]     [,30]      [,31]
[1,] 0.998867314 0.9988536 0.9988754 0.9988789 0.998867428 0.9988521 0.99887508
[2,] 0.995351317 0.9953511 0.9953617 0.9953285 0.995307936 0.9953397 0.99533898
[3,] 0.991816763 0.9917877 0.9918006 0.9918681 0.991775694 0.9917997 0.99180056
[4,] 0.996635325 0.9238111 0.9980211 0.2758520 0.124203252 0.1327155 0.02483701
[5,] 0.001763446 0.7003976 0.9911498 0.9915131 0.007615008 0.8339040 0.98002946
[6,] 0.985433928 0.9854593 0.9854538 0.9854943 0.819947208 0.9756226 0.98633086
          [,32]       [,33]        [,34]       [,35]     [,36]     [,37]
[1,] 0.99885234 0.998872873 9.988716e-01 0.998891450 0.9988638 0.9988741
[2,] 0.99534575 0.995369639 9.953942e-01 0.995322389 0.9953810 0.9953355
[3,] 0.99183163 0.991856605 9.918453e-01 0.991784285 0.9917798 0.9917099
[4,] 0.17202353 0.007373031 6.753119e-04 0.005060107 0.9960335 0.9895992
[5,] 0.05658091 0.409170546 1.233822e-05 0.001905099 0.9913293 0.9919173
[6,] 0.26494128 0.985373507 9.853922e-01 0.958174625 0.9852655 0.9843065
            [,38]       [,39]        [,40]       [,41]     [,42]     [,43]
[1,] 9.988734e-01 0.998856621 0.9988672596 0.998876417 0.9988625 0.9988749
[2,] 9.953667e-01 0.995376210 0.9953643791 0.995366790 0.9953559 0.9953616
[3,] 9.918200e-01 0.991811544 0.9918222410 0.991838977 0.9918179 0.9918729
[4,] 8.116525e-05 0.006027203 0.0009328822 0.997774641 0.9976088 0.1111637
[5,] 9.914517e-01 0.902646210 0.9277789462 0.324480742 0.9685602 0.9448294
[6,] 1.297312e-03 0.985418262 0.9810545209 0.006506656 0.9860842 0.9527475
          [,44]      [,45]     [,46]        [,47]     [,48]       [,49]
[1,] 0.99889597 0.99888592 0.9988777 0.9988816768 0.9988309 0.998859571
[2,] 0.99529409 0.99542402 0.9951194 0.9953558074 0.9953437 0.995302535
[3,] 0.99182318 0.99179813 0.9918206 0.9918961018 0.9918400 0.991773762
[4,] 0.98560156 0.00157688 0.9979141 0.8720749502 0.1540261 0.006664094
[5,] 0.99022219 0.90661597 0.9913850 0.9909875509 0.9700343 0.991422965
[6,] 0.00351336 0.00724890 0.9850941 0.0005885764 0.8190136 0.011018666
           [,50]        [,51]       [,52]     [,53]     [,54]        [,55]
[1,] 0.998873203 0.9988756511 0.998884883 0.9988576 0.9988702 0.9988662308
[2,] 0.995269377 0.9952928113 0.995353662 0.9953180 0.9953518 0.9953005282
[3,] 0.991822538 0.9918085719 0.991894472 0.9918619 0.9917977 0.9918303410
[4,] 0.019215034 0.9976351119 0.997617683 0.4596568 0.9976511 0.3127414116
[5,] 0.736339224 0.0002233094 0.799199768 0.9912929 0.9916193 0.9912788086
[6,] 0.009386469 0.0210862085 0.001615067 0.9854943 0.9880564 0.0000532785
         [,56]     [,57]       [,58]       [,59]      [,60]     [,61]     [,62]
[1,] 0.9988622 0.9988670 0.998884086 0.998865646 0.99885608 0.9988556 0.9988673
[2,] 0.9953443 0.9953442 0.995366754 0.995340012 0.99536056 0.9953553 0.9953667
[3,] 0.9918144 0.9918612 0.991794166 0.991890013 0.99183243 0.9918512 0.9918326
[4,] 0.2547890 0.9329660 0.997597789 0.997507486 0.61619899 0.9588310 0.4309071
[5,] 0.9888400 0.9913857 0.001530573 0.003884409 0.99120784 0.9915816 0.3718616
[6,] 0.2945668 0.9853367 0.002714161 0.985628976 0.05643377 0.6844049 0.9854290
         [,63]       [,64]        [,65]       [,66]      [,67]      [,68]
[1,] 0.9988678 0.998873415 0.9988807922 0.998873299 0.99889063 0.99886276
[2,] 0.9953617 0.995314277 0.9953738938 0.995361427 0.99533464 0.99535615
[3,] 0.9918681 0.991664432 0.9918237571 0.991791859 0.99176622 0.99182254
[4,] 0.9975315 0.009402632 0.0254498390 0.995958223 0.26512393 0.99519774
[5,] 0.9914940 0.970983939 0.3317177922 0.990890848 0.01058403 0.02474831
[6,] 0.9854026 0.973794597 0.0003028563 0.002941687 0.98556683 0.98551760
            [,69]      [,70]     [,71]        [,72]      [,73]        [,74]
[1,] 0.9988696550 0.99887518 0.9988936 9.988794e-01 0.99889122 9.988677e-01
[2,] 0.9953602448 0.99528497 0.9953441 9.953562e-01 0.99534882 9.953630e-01
[3,] 0.9918263374 0.99177452 0.9918124 9.918297e-01 0.99183262 9.917386e-01
[4,] 0.0007851121 0.03517466 0.9978268 6.252766e-01 0.99733456 4.515847e-07
[5,] 0.9874044857 0.67018868 0.9914748 7.425593e-06 0.99122933 4.463485e-01
[6,] 0.9852202624 0.09193037 0.9280838 1.391646e-02 0.01423961 7.684440e-01
         [,75]     [,76]       [,77]        [,78]     [,79]      [,80]
[1,] 0.9988564 0.9988584 0.998874755 0.9988661079 0.9988819 0.99886675
[2,] 0.9953235 0.9953585 0.995358088 0.9953432784 0.9953166 0.99541865
[3,] 0.9918132 0.9918387 0.991854277 0.9918283620 0.9917630 0.99184921
[4,] 0.9760430 0.4691468 0.007608891 0.0003751221 0.9976774 0.22735596
[5,] 0.2145187 0.9912947 0.047788740 0.9816106253 0.9911094 0.01299907
[6,] 0.1054236 0.3516560 0.467438181 0.9854527695 0.9854348 0.98482790
            [,81]     [,82]     [,83]     [,84]        [,85]     [,86]
[1,] 9.988707e-01 0.9988454 0.9988657 0.9988708 9.988688e-01 0.9988730
[2,] 9.953288e-01 0.9953755 0.9954030 0.9953686 9.953739e-01 0.9953683
[3,] 9.918720e-01 0.9918573 0.9918384 0.9918599 9.918392e-01 0.9918033
[4,] 3.205913e-06 0.9974731 0.2143278 0.9976921 4.463839e-05 0.9978043
[5,] 9.420914e-01 0.9769412 0.8820598 0.9912782 9.414946e-01 0.7689533
[6,] 9.858107e-01 0.3903975 0.9860225 0.9831832 9.103882e-01 0.3919107
           [,87]     [,88]       [,89]     [,90]      [,91]     [,92]
[1,] 0.998863422 0.9988688 0.998848120 0.9988546 0.99889013 0.9988670
[2,] 0.995301629 0.9953740 0.995340525 0.9953476 0.99532727 0.9953252
[3,] 0.991838525 0.9918140 0.991838361 0.9918425 0.99173435 0.9920126
[4,] 0.002835829 0.9975611 0.940185903 0.4506876 0.99609416 0.9523782
[5,] 0.990951653 0.0337330 0.001189314 0.8416115 0.01358326 0.9602114
[6,] 0.979201660 0.9102736 0.985575478 0.9462213 0.98519654 0.9866264
            [,93]     [,94]     [,95]       [,96]       [,97]     [,98]
[1,] 0.9988726567 0.9988593 0.9988629 0.998821806 0.998857946 0.9988601
[2,] 0.9954324452 0.9953691 0.9953113 0.995344941 0.995291310 0.9954061
[3,] 0.9917980509 0.9918288 0.9917930 0.991796212 0.991932797 0.9918314
[4,] 0.2171635783 0.9981413 0.9974887 0.007841594 0.997549709 0.1985699
[5,] 0.9914843677 0.9911304 0.9913958 0.991509461 0.002129204 0.9912099
[6,] 0.0009850815 0.1181707 0.9426127 0.985178476 0.985584977 0.8152072
         [,99]      [,100]
[1,] 0.9988674 0.998885653
[2,] 0.9953631 0.995340599
[3,] 0.9918591 0.991864117
[4,] 0.4273635 0.997316265
[5,] 0.3525927 0.766405228
[6,] 0.9856363 0.001007983
[1] 100 100 100  42  45  48
[1] 0.9988690 0.9953471 0.9918245 0.5309459 0.6386257 0.6291744
Tue Aug 20 15:31:01 CEST 2024
