Wed Feb  5 23:31:17 CET 2025
── Attaching core tidyverse packages ──────────────────────── tidyverse 2.0.0 ──
✔ dplyr     1.1.4     ✔ readr     2.1.5
✔ forcats   1.0.0     ✔ stringr   1.5.1
✔ ggplot2   3.5.0     ✔ tibble    3.2.1
✔ lubridate 1.9.3     ✔ tidyr     1.3.1
✔ purrr     1.0.2     
── Conflicts ────────────────────────────────────────── tidyverse_conflicts() ──
✖ dplyr::filter() masks stats::filter()
✖ dplyr::lag()    masks stats::lag()
ℹ Use the conflicted package (<http://conflicted.r-lib.org/>) to force all conflicts to become errors

Attaching package: ‘CMTFtoolbox’

The following objects are masked from ‘package:parafac4microbiome’:

    fac_to_vect, reinflateFac, reinflateTensor, vect_to_fac

[1] 0.25
$varExp
# A tibble: 10 × 5
   numComponents      X1      X2      X3     Y
           <dbl>   <dbl>   <dbl>   <dbl> <dbl>
 1             1  -0.262  -0.453  -0.546  100.
 2             2  -4.53   -4.09   -2.44   100.
 3             3  -3.69   -8.39   -8.45   100.
 4             4  -3.76   -3.36   -2.50   100.
 5             5 -10.5    -5.10   -3.45   100.
 6             6 -11.2   -11.6   -21.9    100.
 7             7  -6.45   -3.83   -2.22   100.
 8             8 -48.5   -47.6   -47.9    100.
 9             9 -25.5   -18.9   -28.2    100.
10            10 -18.2   -11.3   -10.3    100.

$RMSE
# A tibble: 10 × 2
   numComponents  RMSE
           <int> <dbl>
 1             1  8.89
 2             2  8.97
 3             3 13.7 
 4             4 16.7 
 5             5 20.0 
 6             6 13.6 
 7             7 19.8 
 8             8 12.2 
 9             9 24.6 
10            10 17.0 

[1] 0.5
$varExp
# A tibble: 10 × 5
   numComponents      X1      X2      X3     Y
           <dbl>   <dbl>   <dbl>   <dbl> <dbl>
 1             1   -1.10   -2.78   -1.98  100.
 2             2   -3.28   -2.30   -1.08  100.
 3             3  -10.9    -6.65   -9.33  100.
 4             4  -16.9   -14.6   -18.9   100.
 5             5  -21.2   -21.8   -20.6   100.
 6             6  -33.3   -34.5   -33.0   100.
 7             7  -70.3   -77.4   -72.7   100.
 8             8  -11.5   -11.6   -12.2   100.
 9             9 -131.   -124.   -120.    100.
10            10 -137.   -137.   -129.    100.

$RMSE
# A tibble: 10 × 2
   numComponents  RMSE
           <int> <dbl>
 1             1  8.91
 2             2  8.65
 3             3 16.7 
 4             4 15.0 
 5             5 24.6 
 6             6 28.0 
 7             7 34.4 
 8             8 37.7 
 9             9 17.7 
10            10 19.5 

[1] 0.75
$varExp
# A tibble: 10 × 5
   numComponents        X1         X2        X3     Y
           <dbl>     <dbl>      <dbl>     <dbl> <dbl>
 1             1 -0.000189   0.000107  0.000498  100.
 2             2 -0.0430    -0.277    -0.192     100.
 3             3 -1.76      -0.385    -2.63      100.
 4             4 -2.17     -19.1      -1.60      100.
 5             5 -8.23      -4.95     -6.23      100.
 6             6  1.65      -0.000575  0.174     100.
 7             7 -0.363     -0.337    -0.299     100.
 8             8 -3.67      -5.13     -2.63      100.
 9             9 -6.05      -4.90     -4.84      100.
10            10 -9.52     -10.0      -6.48      100.

$RMSE
# A tibble: 10 × 2
   numComponents  RMSE
           <int> <dbl>
 1             1  8.78
 2             2  8.61
 3             3 31.4 
 4             4  9.40
 5             5 32.4 
 6             6 46.6 
 7             7 44.7 
 8             8 26.5 
 9             9 14.5 
10            10 10.2 

[1] 0.9
$varExp
# A tibble: 10 × 5
   numComponents        X1       X2        X3     Y
           <dbl>     <dbl>    <dbl>     <dbl> <dbl>
 1             1  0.000843  0.00482  0.000387  100.
 2             2  0.00616   0.00108 10.2       100.
 3             3  7.38     11.8      0.133     100.
 4             4 12.1      12.0     10.3       100.
 5             5 15.1      13.8     12.1       100.
 6             6 15.3      11.5     20.4       100.
 7             7 22.3      19.3     11.6       100.
 8             8 21.8      25.4     11.4       100.
 9             9 25.3      16.4     19.0       100.
10            10 29.0      17.9     24.9       100.

$RMSE
# A tibble: 10 × 2
   numComponents  RMSE
           <int> <dbl>
 1             1  5.60
 2             2  8.65
 3             3  9.10
 4             4  8.75
 5             5 51.6 
 6             6 59.7 
 7             7 50.5 
 8             8 15.8 
 9             9 18.5 
10            10 14.9 

[1] 0.95
$varExp
# A tibble: 10 × 5
   numComponents        X1         X2       X3     Y
           <dbl>     <dbl>      <dbl>    <dbl> <dbl>
 1             1  0.000910  0.0000472  0.00177  100.
 2             2  7.54      7.63       2.47     100.
 3             3 13.3      11.3        4.89     100.
 4             4 14.5      13.1       12.7      100.
 5             5 17.5      14.5       16.2      100.
 6             6 21.7      19.1       12.1      100.
 7             7 22.3      18.4       22.5      100.
 8             8 24.2      25.8       19.2      100.
 9             9 25.8      23.1       26.2      100.
10            10 25.7      27.2       23.9      100.

$RMSE
# A tibble: 10 × 2
   numComponents  RMSE
           <int> <dbl>
 1             1  5.22
 2             2  5.20
 3             3  5.34
 4             4  6.36
 5             5  6.32
 6             6 21.5 
 7             7 14.2 
 8             8  7.90
 9             9 14.5 
10            10  9.63

[1] 1
$varExp
# A tibble: 10 × 5
   numComponents    X1    X2    X3      Y
           <dbl> <dbl> <dbl> <dbl>  <dbl>
 1             1  7.50  7.61  2.49 0.102 
 2             2 12.7  10.9   6.11 0.0542
 3             3 16.1  12.3  13.0  0.196 
 4             4 18.3  14.7  17.5  0.232 
 5             5 20.2  15.8  22.5  0.266 
 6             6 22.5  19.7  24.0  0.408 
 7             7 23.8  22.7  27.0  0.410 
 8             8 26.6  25.6  27.8  0.660 
 9             9 28.0  29.0  29.2  1.05  
10            10 29.3  31.9  30.6  1.61  

$RMSE
# A tibble: 10 × 2
   numComponents  RMSE
           <int> <dbl>
 1             1  5.22
 2             2  5.21
 3             3  5.21
 4             4  5.25
 5             5  5.25
 6             6  5.24
 7             7  5.29
 8             8  5.34
 9             9  5.33
10            10  5.34

Fri Feb  7 05:13:54 CET 2025
