Wed Feb 12 18:49:09 CET 2025
── Attaching core tidyverse packages ──────────────────────── tidyverse 2.0.0 ──
✔ dplyr     1.1.4     ✔ readr     2.1.5
✔ forcats   1.0.0     ✔ stringr   1.5.1
✔ ggplot2   3.5.0     ✔ tibble    3.2.1
✔ lubridate 1.9.3     ✔ tidyr     1.3.1
✔ purrr     1.0.2     
── Conflicts ────────────────────────────────────────── tidyverse_conflicts() ──
✖ dplyr::filter() masks stats::filter()
✖ dplyr::lag()    masks stats::lag()
ℹ Use the conflicted package (<http://conflicted.r-lib.org/>) to force all conflicts to become errors

Attaching package: ‘CMTFtoolbox’

The following objects are masked from ‘package:parafac4microbiome’:

    fac_to_vect, reinflateFac, reinflateTensor, vect_to_fac

[1] 0.25
$varExp
# A tibble: 10 × 5
   numComponents      X1        X2        X3     Y
           <dbl>   <dbl>     <dbl>     <dbl> <dbl>
 1             1  0.0696  0.000371  0.000621  100.
 2             2  1.76    9.55      0.00204   100.
 3             3 14.3    11.5       3.95      100.
 4             4 15.7    12.9      11.9       100.
 5             5 17.5    13.3      19.5       100.
 6             6 21.7    17.6      16.8       100.
 7             7 23.7    16.9      25.5       100.
 8             8 23.7    20.8      27.3       100.
 9             9 28.9    20.2      28.9       100.
10            10 29.2    25.8      29.5       100.

$RMSE
# A tibble: 10 × 2
   numComponents  RMSE
           <int> <dbl>
 1             1  2.24
 2             2  3.14
 3             3  6.95
 4             4  6.26
 5             5  6.22
 6             6  4.34
 7             7  3.71
 8             8  5.19
 9             9  5.43
10            10  5.11

$FMS
# A tibble: 450 × 4
      X1    X2    X3 numComponents
   <dbl> <dbl> <dbl>         <int>
 1 0.817 0.515 0.857             1
 2 0.774 0.343 0.808             1
 3 0.899 0.390 0.883             1
 4 0.644 0.549 0.703             1
 5 0.825 0.725 0.854             1
 6 0.583 0.739 0.792             1
 7 0.900 0.732 0.863             1
 8 0.903 0.416 0.802             1
 9 0.866 0.594 0.888             1
10 0.912 0.512 0.866             1
# ℹ 440 more rows

[1] 0.5
$varExp
# A tibble: 10 × 5
   numComponents     X1     X2     X3     Y
           <dbl>  <dbl>  <dbl>  <dbl> <dbl>
 1             1  0.491  0.202  0.491  100.
 2             2  8.81   7.51   2.86   100.
 3             3 13.8   10.5    7.16   100.
 4             4 17.5   12.5   12.2    100.
 5             5 18.2   16.4   17.4    100.
 6             6 23.6   14.1   20.3    100.
 7             7 21.7   17.7   27.3    100.
 8             8 27.3   18.1   26.3    100.
 9             9 24.7   25.9   26.8    100.
10            10 30.5   25.4   28.8    100.

$RMSE
# A tibble: 10 × 2
   numComponents  RMSE
           <int> <dbl>
 1             1  2.25
 2             2  3.00
 3             3 10.7 
 4             4 14.2 
 5             5  9.79
 6             6  6.43
 7             7  6.78
 8             8  6.85
 9             9  5.35
10            10  6.57

$FMS
# A tibble: 450 × 4
      X1    X2    X3 numComponents
   <dbl> <dbl> <dbl>         <int>
 1 0.803 0.472 0.856             1
 2 0.760 0.294 0.810             1
 3 0.898 0.430 0.883             1
 4 0.629 0.514 0.711             1
 5 0.817 0.731 0.854             1
 6 0.571 0.674 0.790             1
 7 0.890 0.698 0.865             1
 8 0.893 0.365 0.799             1
 9 0.860 0.590 0.888             1
10 0.912 0.519 0.871             1
# ℹ 440 more rows

[1] 0.75
$varExp
# A tibble: 10 × 5
   numComponents     X1     X2     X3     Y
           <dbl>  <dbl>  <dbl>  <dbl> <dbl>
 1             1  0.491  0.208  0.492  100.
 2             2  9.10   7.61   2.74   100.
 3             3 14.5   10.5    6.90   100.
 4             4 17.0   12.5   13.4    100.
 5             5 17.9   15.4   18.2    100.
 6             6 18.8   17.2   24.1    100.
 7             7 23.9   18.4   23.7    100.
 8             8 24.9   20.4   27.1    100.
 9             9 25.3   22.8   30.3    100.
10            10 28.8   25.8   31.0    100.

$RMSE
# A tibble: 10 × 2
   numComponents  RMSE
           <int> <dbl>
 1             1  2.28
 2             2  2.98
 3             3 10.8 
 4             4  8.77
 5             5 11.5 
 6             6 12.6 
 7             7  7.84
 8             8  5.39
 9             9  6.20
10            10  5.73

$FMS
# A tibble: 450 × 4
      X1    X2    X3 numComponents
   <dbl> <dbl> <dbl>         <int>
 1 0.738 0.422 0.847             1
 2 0.691 0.204 0.800             1
 3 0.891 0.455 0.884             1
 4 0.571 0.444 0.703             1
 5 0.783 0.736 0.855             1
 6 0.518 0.563 0.781             1
 7 0.831 0.576 0.856             1
 8 0.841 0.319 0.786             1
 9 0.828 0.595 0.890             1
10 0.920 0.622 0.881             1
# ℹ 440 more rows

[1] 0.9
$varExp
# A tibble: 10 × 5
   numComponents     X1     X2     X3     Y
           <dbl>  <dbl>  <dbl>  <dbl> <dbl>
 1             1  0.492  0.209  0.492  100.
 2             2  9.20   7.61   2.71   100.
 3             3 15.3   10.6    6.73   100.
 4             4 17.7   13.0   12.8    100.
 5             5 19.6   14.8   18.1    100.
 6             6 21.4   16.1   23.6    100.
 7             7 22.9   20.9   26.8    100.
 8             8 26.4   22.6   28.1    100.
 9             9 26.1   28.2   29.5    100.
10            10 27.9   31.3   30.7    100.

$RMSE
# A tibble: 10 × 2
   numComponents  RMSE
           <int> <dbl>
 1             1  1.19
 2             2  2.56
 3             3 12.8 
 4             4 10.3 
 5             5  8.20
 6             6 25.9 
 7             7  9.84
 8             8  8.01
 9             9  8.23
10            10  6.59

$FMS
# A tibble: 450 × 4
      X1    X2    X3 numComponents
   <dbl> <dbl> <dbl>         <int>
 1 0.980 0.994 0.931             1
 2 0.982 0.995 0.927             1
 3 0.954 0.961 0.911             1
 4 0.920 0.919 0.918             1
 5 0.988 0.992 0.956             1
 6 0.939 0.975 0.837             1
 7 0.959 0.985 0.939             1
 8 0.979 0.991 0.928             1
 9 0.966 0.990 0.715             1
10 0.997 0.996 0.972             1
# ℹ 440 more rows

[1] 0.95
